VER
4

OBJSENSE
MIN

VAR
17 1
F 17

CON
153 3
HVECQRE 129
HVECPSD 16
L= 8

OBJACOORD
1
0 1.0

ACOORD
223
0 0 1.0
1 1 0.002110573879373925
1 5 -0.005770826057583742
1 9 0.007889426120626077
2 2 0.0021105738793739254
2 7 -0.004080590238365493
2 10 -0.004080590238365493
2 14 0.007889426120626078
3 3 0.0021105738793739254
3 8 0.004080590238365493
3 11 -0.004080590238365493
3 15 0.007889426120626078
4 4 0.002110573879373925
4 12 -0.005770826057583742
4 16 0.007889426120626077
5 1 0.005770826057583742
5 5 -0.005778852241252151
5 9 -0.0057708260575837465
6 6 0.010000000000000004
7 2 0.004080590238365493
7 7 0.002110573879373927
7 10 -0.007889426120626078
7 14 -0.004080590238365497
8 3 -0.004080590238365493
8 8 0.002110573879373927
8 11 0.007889426120626078
8 15 0.004080590238365497
9 1 0.007889426120626077
9 5 0.0057708260575837465
9 9 0.0021105738793739284
10 2 0.004080590238365493
10 7 -0.007889426120626078
10 10 0.002110573879373927
10 14 -0.004080590238365497
11 3 0.004080590238365493
11 8 0.007889426120626078
11 11 0.002110573879373927
11 15 -0.004080590238365497
12 4 0.005770826057583742
12 12 -0.005778852241252151
12 16 -0.0057708260575837465
13 13 0.010000000000000004
14 2 0.007889426120626078
14 7 0.004080590238365497
14 10 0.004080590238365497
14 14 0.002110573879373929
15 3 0.007889426120626078
15 8 -0.004080590238365497
15 11 0.004080590238365497
15 15 0.002110573879373929
16 4 0.007889426120626077
16 12 0.0057708260575837465
16 16 0.0021105738793739284
25 4 0.7355278093076051
25 12 -0.3309875141884222
25 16 0.07447219069239498
34 2 0.23404351577071206
34 7 0.7355278093076052
34 10 -0.074472190692395
34 14 -0.23404351577071197
35 3 -0.23404351577071206
35 8 0.7355278093076052
35 11 0.074472190692395
35 15 0.23404351577071197
36 1 0.07447219069239501
36 5 0.3309875141884223
36 9 0.7355278093076051
45 2 0.7355278093076052
45 7 -0.23404351577071197
45 10 -0.23404351577071197
45 14 0.074472190692395
46 3 -0.7355278093076052
46 8 -0.23404351577071197
46 11 0.23404351577071197
46 15 -0.074472190692395
47 1 0.3309875141884223
47 5 0.6610556186152102
47 9 -0.33098751418842226
48 6 -0.8100000000000003
49 1 0.7355278093076051
49 5 -0.3309875141884222
49 9 0.07447219069239498
58 4 0.3309875141884223
58 12 0.6610556186152102
58 16 -0.33098751418842226
59 13 0.8100000000000003
60 2 0.07447219069239502
60 7 0.23404351577071206
60 10 0.23404351577071206
60 14 0.7355278093076052
61 3 0.07447219069239502
61 8 -0.23404351577071206
61 11 0.23404351577071206
61 15 0.7355278093076052
62 2 0.23404351577071206
62 7 -0.074472190692395
62 10 0.7355278093076052
62 14 -0.23404351577071197
63 3 0.23404351577071206
63 8 0.074472190692395
63 11 0.7355278093076052
63 15 -0.23404351577071197
64 4 0.07447219069239501
64 12 0.3309875141884223
64 16 0.7355278093076051
65 1 0.002110573879373925
65 5 -0.005770826057583742
65 9 0.007889426120626077
66 2 0.0021105738793739254
66 7 -0.004080590238365493
66 10 -0.004080590238365493
66 14 0.007889426120626078
67 3 0.0021105738793739254
67 8 0.004080590238365493
67 11 -0.004080590238365493
67 15 0.007889426120626078
68 4 0.002110573879373925
68 12 -0.005770826057583742
68 16 0.007889426120626077
73 1 0.007889426120626077
73 5 0.0057708260575837465
73 9 0.0021105738793739284
78 2 0.007889426120626078
78 7 0.004080590238365497
78 10 0.004080590238365497
78 14 0.002110573879373929
79 3 0.007889426120626078
79 8 -0.004080590238365497
79 11 0.004080590238365497
79 15 0.002110573879373929
80 4 0.007889426120626077
80 12 0.0057708260575837465
80 16 0.0021105738793739284
89 4 0.7355278093076051
89 12 -0.3309875141884222
89 16 0.07447219069239498
100 1 0.07447219069239501
100 5 0.3309875141884223
100 9 0.7355278093076051
109 2 0.7355278093076052
109 7 -0.23404351577071197
109 10 -0.23404351577071197
109 14 0.074472190692395
110 3 -0.7355278093076052
110 8 -0.23404351577071197
110 11 0.23404351577071197
110 15 -0.074472190692395
113 1 0.7355278093076051
113 5 -0.3309875141884222
113 9 0.07447219069239498
124 2 0.07447219069239502
124 7 0.23404351577071206
124 10 0.23404351577071206
124 14 0.7355278093076052
125 3 0.07447219069239502
125 8 -0.23404351577071206
125 11 0.23404351577071206
125 15 0.7355278093076052
128 4 0.07447219069239501
128 12 0.3309875141884223
128 16 0.7355278093076051
129 1 1.0
130 2 1.0000000000000002
131 3 1.0000000000000002
132 4 1.0
133 5 1.0000000000000002
134 6 1.0000000000000002
135 7 1.0000000000000002
136 8 1.0000000000000002
137 9 1.0
138 10 1.0000000000000002
139 11 1.0000000000000002
140 12 1.0000000000000002
141 13 1.0000000000000002
142 14 1.0000000000000002
143 15 1.0000000000000002
144 16 1.0
145 1 0.3677639046538025
145 4 0.3677639046538025
145 5 0.7345062429057889
145 9 -0.36776390465380243
145 12 0.7345062429057889
145 16 -0.36776390465380243
146 6 -0.9000000000000001
146 13 -0.9000000000000001
147 1 0.08274687854710557
147 4 0.08274687854710557
147 5 0.36776390465380254
147 9 0.8172531214528945
147 12 0.36776390465380254
147 16 0.8172531214528945
148 1 0.021105738793739247
148 4 0.07889426120626075
148 5 -0.05770826057583742
148 9 0.07889426120626075
148 12 0.05770826057583746
148 16 0.021105738793739278
149 1 0.4499999999999999
149 2 -0.5193743451825368
149 4 0.4499999999999999
149 5 4.363379133277784e-17
149 7 0.36776390465380243
149 9 0.4499999999999999
149 10 0.36776390465380243
149 12 4.363379133277784e-17
149 14 0.5193743451825368
149 16 0.4499999999999999
150 2 0.08172531214528948
150 7 0.11541652115167485
150 10 0.11541652115167485
150 14 -0.08172531214528944
151 1 0.7345062429057889
151 4 -0.7345062429057889
151 5 -0.7355278093076051
151 9 -0.734506242905789
151 12 0.7355278093076051
151 16 0.734506242905789
152 1 1.0
152 4 1.0
152 5 9.90927565282177e-17
152 9 1.0
152 12 9.90927565282177e-17
152 16 1.0

BCOORD
4
147 0.44999999999999996
148 0.003
149 0.027
152 1.0
